Output from NeEstimator v2.1
Starting time: Tue Nov 12 10:48:46 2024
Input File: "Gmi_A_nohighhet_Ham.gen"

Number of Loci = 9641

Non-polymorphic loci:     2,     4,     6,     7,     8,    11,    13,    14,
           16,    18,    19,    22,    25,    27,    31,    32,    33,    37,
           38,    40,    44,    45,    49,    50,    51,    53,    54,    56,
           57,    60,    62,    69,    71,    72,    73,    74,    77,    78,
           79,    81,    82,    83,    84,    85,    87,    88,    89,    91,
           92,    94,    95,    96,    97,    99,   100,   101,   103,   104,
          107,   109,   114,   115,   116,   117,   118,   123,   125,   126,
          127,   128,   129,   130,   136,   138,   139,   140,   141,   142,
          143,   146,   147,   148,   150,   152,   153,   157,   158,   159,
          160,   162,   163,   164,   165,   166,   169,   170,   172,   173,
          175,   176,   177,   178,   179,   183,   185,   189,   190,   191,
          193,   195,   196,   198,   199,   201,   204,   205,   206,   208,
          209,   210,   211,   214,   218,   221,   222,   223,   224,   225,
          226,   227,   228,   229,   230,   234,   236,   237,   238,   239,
          242,   243,   249,   251,   254,   260,   261,   266,   270,   275,
          277,   284,   286,   291,   292,   294,   297,   299,   300,   301,
          303,   305,   306,   310,   313,   314,   316,   323,   325,   332,
          333,   334,   336,   342,   344,   346,   350,   352,   353,   356,
          357,   359,   364,   367,   372,   375,   377,   379,   381,   382,
          383,   385,   386,   387,   390,   392,   397,   399,   400,   401,
          402,   404,   405,   409,   413,   416,   422,   423,   424,   425,
          427,   429,   430,   431,   434,   435,   436,   437,   438,   440,
          442,   443,   448,   449,   450,   454,   456,   458,   462,   463,
          464,   465,   466,   467,   468,   470,   473,   476,   478,   480,
          483,   490,   494,   495,   496,   498,   499,   504,   509,   515,
          522,   524,   525,   529,   530,   531,   532,   535,   538,   539,
          541,   542,   543,   548,   550,   554,   562,   564,   568,   570,
          572,   573,   575,   579,   580,   581,   583,   585,   586,   593,
          594,   603,   605,   606,   610,   613,   615,   617,   618,   619,
          620,   621,   622,   624,   625,   626,   627,   628,   629,   633,
          634,   635,   636,   637,   638,   640,   641,   645,   649,   651,
          652,   653,   654,   655,   656,   657,   658,   659,   660,   661,
          663,   665,   666,   669,   670,   672,   673,   674,   675,   677,
          682,   684,   686,   687,   689,   690,   692,   693,   701,   702,
          706,   708,   710,   711,   714,   715,   716,   717,   718,   719,
          728,   730,   732,   733,   734,   735,   736,   737,   738,   739,
          740,   741,   747,   748,   749,   751,   756,   758,   761,   764,
          766,   767,   769,   770,   774,   776,   778,   780,   781,   782,
          783,   784,   790,   792,   794,   795,   796,   799,   807,   808,
          809,   812,   813,   814,   816,   817,   818,   823,   828,   829,
          830,   831,   832,   833,   834,   835,   836,   837,   838,   840,
          847,   852,   853,   854,   855,   857,   859,   860,   862,   863,
          865,   867,   868,   872,   873,   874,   875,   876,   877,   878,
          879,   880,   884,   888,   889,   891,   892,   894,   895,   896,
          899,   900,   901,   902,   903,   904,   907,   914,   916,   919,
          922,   923,   924,   925,   926,   930,   931,   932,   936,   941,
          944,   945,   947,   949,   950,   951,   952,   953,   954,   962,
          964,   966,   967,   971,   975,   976,   978,   979,   980,   981,
          982,   985,   988,   990,   994,   995,   999,  1002,  1005,  1009,
         1011,  1013,  1015,  1016,  1019,  1020,  1021,  1025,  1026,  1030,
         1035,  1036,  1039,  1042,  1043,  1044,  1048,  1049,  1050,  1051,
         1052,  1055,  1058,  1060,  1064,  1065,  1066,  1067,  1076,  1077,
         1079,  1080,  1081,  1082,  1083,  1090,  1092,  1095,  1101,  1103,
         1104,  1105,  1111,  1114,  1119,  1121,  1123,  1125,  1129,  1133,
         1137,  1141,  1146,  1148,  1150,  1153,  1155,  1157,  1160,  1163,
         1164,  1165,  1170,  1171,  1172,  1174,  1175,  1178,  1179,  1187,
         1189,  1194,  1199,  1200,  1201,  1204,  1205,  1206,  1207,  1208,
         1209,  1211,  1215,  1216,  1217,  1218,  1220,  1221,  1229,  1230,
         1231,  1237,  1239,  1240,  1241,  1245,  1246,  1248,  1249,  1251,
         1252,  1253,  1254,  1256,  1257,  1258,  1259,  1260,  1270,  1272,
         1274,  1278,  1280,  1281,  1286,  1287,  1288,  1291,  1294,  1295,
         1307,  1308,  1309,  1310,  1313,  1316,  1317,  1319,  1324,  1334,
         1335,  1340,  1345,  1346,  1348,  1349,  1350,  1351,  1352,  1354,
         1355,  1356,  1357,  1358,  1359,  1360,  1365,  1369,  1374,  1376,
         1377,  1379,  1381,  1382,  1383,  1386,  1391,  1393,  1397,  1401,
         1402,  1403,  1404,  1405,  1406,  1407,  1409,  1410,  1412,  1413,
         1414,  1418,  1419,  1425,  1426,  1427,  1428,  1429,  1430,  1432,
         1434,  1435,  1436,  1437,  1439,  1440,  1441,  1442,  1445,  1447,
         1449,  1451,  1454,  1455,  1457,  1458,  1459,  1462,  1463,  1464,
         1466,  1467,  1469,  1472,  1473,  1474,  1476,  1478,  1479,  1481,
         1482,  1483,  1486,  1487,  1488,  1490,  1491,  1493,  1494,  1499,
         1502,  1503,  1504,  1506,  1507,  1510,  1511,  1512,  1518,  1519,
         1520,  1521,  1522,  1523,  1526,  1527,  1528,  1530,  1532,  1533,
         1534,  1538,  1539,  1540,  1541,  1543,  1557,  1558,  1560,  1562,
         1563,  1570,  1572,  1574,  1577,  1578,  1585,  1586,  1587,  1588,
         1589,  1594,  1596,  1597,  1603,  1604,  1605,  1606,  1610,  1612,
         1615,  1616,  1619,  1620,  1621,  1622,  1623,  1624,  1625,  1629,
         1630,  1631,  1633,  1634,  1636,  1637,  1638,  1640,  1641,  1643,
         1644,  1646,  1647,  1648,  1650,  1651,  1656,  1662,  1665,  1667,
         1668,  1671,  1677,  1680,  1681,  1683,  1684,  1685,  1686,  1687,
         1688,  1689,  1692,  1695,  1696,  1704,  1705,  1706,  1710,  1711,
         1712,  1713,  1714,  1715,  1718,  1719,  1720,  1721,  1722,  1724,
         1725,  1728,  1730,  1734,  1735,  1737,  1738,  1739,  1740,  1741,
         1742,  1747,  1748,  1750,  1755,  1756,  1758,  1759,  1760,  1766,
         1767,  1770,  1771,  1772,  1774,  1775,  1777,  1778,  1779,  1780,
         1784,  1785,  1786,  1788,  1790,  1792,  1793,  1796,  1798,  1799,
         1807,  1810,  1811,  1812,  1813,  1814,  1820,  1821,  1825,  1826,
         1831,  1832,  1833,  1838,  1842,  1843,  1845,  1846,  1848,  1850,
         1852,  1855,  1864,  1865,  1867,  1869,  1872,  1881,  1884,  1887,
         1892,  1893,  1894,  1897,  1898,  1899,  1900,  1902,  1904,  1905,
         1906,  1907,  1909,  1910,  1911,  1912,  1913,  1914,  1916,  1917,
         1919,  1920,  1923,  1926,  1927,  1932,  1935,  1936,  1937,  1938,
         1940,  1941,  1942,  1944,  1947,  1948,  1949,  1950,  1955,  1957,
         1958,  1959,  1960,  1962,  1963,  1973,  1974,  1975,  1976,  1979,
         1980,  1981,  1983,  1984,  1985,  1986,  1989,  1999,  2003,  2005,
         2006,  2007,  2009,  2012,  2013,  2014,  2015,  2016,  2017,  2018,
         2019,  2020,  2022,  2028,  2029,  2031,  2032,  2033,  2036,  2045,
         2046,  2049,  2051,  2054,  2055,  2056,  2057,  2065,  2066,  2072,
         2076,  2077,  2079,  2081,  2082,  2083,  2084,  2087,  2092,  2099,
         2100,  2108,  2109,  2110,  2112,  2114,  2115,  2117,  2118,  2119,
         2121,  2123,  2125,  2126,  2128,  2133,  2135,  2136,  2138,  2141,
         2144,  2146,  2148,  2155,  2156,  2158,  2161,  2165,  2166,  2167,
         2170,  2171,  2172,  2176,  2177,  2178,  2179,  2180,  2181,  2184,
         2185,  2187,  2188,  2189,  2190,  2191,  2193,  2194,  2195,  2196,
         2197,  2198,  2199,  2200,  2201,  2203,  2204,  2207,  2208,  2209,
         2215,  2217,  2219,  2221,  2223,  2224,  2228,  2229,  2230,  2231,
         2232,  2233,  2234,  2235,  2236,  2237,  2240,  2241,  2243,  2247,
         2248,  2249,  2252,  2253,  2257,  2264,  2266,  2268,  2269,  2270,
         2272,  2275,  2278,  2279,  2281,  2287,  2291,  2292,  2293,  2294,
         2298,  2300,  2301,  2303,  2308,  2309,  2310,  2312,  2314,  2317,
         2318,  2319,  2320,  2321,  2324,  2325,  2326,  2327,  2328,  2329,
         2330,  2331,  2335,  2338,  2339,  2340,  2341,  2342,  2344,  2345,
         2346,  2347,  2348,  2353,  2354,  2357,  2363,  2367,  2372,  2374,
         2376,  2377,  2378,  2381,  2386,  2387,  2388,  2389,  2390,  2391,
         2393,  2395,  2397,  2398,  2399,  2401,  2403,  2404,  2407,  2408,
         2409,  2410,  2411,  2412,  2416,  2417,  2418,  2419,  2424,  2425,
         2430,  2431,  2432,  2433,  2434,  2435,  2436,  2440,  2442,  2444,
         2446,  2447,  2448,  2449,  2451,  2452,  2453,  2455,  2461,  2462,
         2468,  2469,  2471,  2472,  2475,  2478,  2479,  2480,  2482,  2484,
         2490,  2491,  2493,  2494,  2500,  2509,  2513,  2514,  2515,  2517,
         2518,  2521,  2524,  2525,  2528,  2531,  2535,  2536,  2537,  2540,
         2544,  2545,  2546,  2547,  2549,  2550,  2552,  2553,  2554,  2557,
         2559,  2561,  2562,  2566,  2567,  2568,  2570,  2575,  2576,  2579,
         2581,  2582,  2583,  2584,  2585,  2586,  2594,  2595,  2596,  2597,
         2604,  2605,  2610,  2611,  2617,  2621,  2622,  2624,  2627,  2628,
         2629,  2630,  2635,  2639,  2641,  2643,  2644,  2646,  2647,  2658,
         2659,  2660,  2661,  2662,  2665,  2667,  2671,  2672,  2674,  2676,
         2677,  2678,  2682,  2684,  2688,  2689,  2690,  2691,  2692,  2694,
         2695,  2697,  2698,  2699,  2700,  2703,  2705,  2706,  2711,  2714,
         2715,  2717,  2719,  2720,  2721,  2723,  2725,  2726,  2727,  2728,
         2729,  2730,  2732,  2736,  2737,  2739,  2743,  2744,  2745,  2747,
         2748,  2749,  2752,  2754,  2755,  2757,  2759,  2767,  2768,  2769,
         2770,  2771,  2772,  2774,  2783,  2786,  2787,  2788,  2789,  2801,
         2802,  2804,  2805,  2806,  2807,  2808,  2809,  2811,  2815,  2816,
         2817,  2818,  2819,  2820,  2821,  2822,  2824,  2825,  2828,  2829,
         2831,  2833,  2835,  2836,  2840,  2841,  2842,  2844,  2846,  2848,
         2849,  2855,  2859,  2862,  2863,  2864,  2869,  2872,  2876,  2878,
         2879,  2881,  2882,  2884,  2885,  2887,  2888,  2889,  2890,  2894,
         2895,  2896,  2898,  2899,  2900,  2901,  2902,  2903,  2904,  2905,
         2907,  2910,  2911,  2912,  2913,  2914,  2915,  2916,  2923,  2924,
         2925,  2927,  2928,  2935,  2936,  2937,  2940,  2941,  2942,  2946,
         2947,  2949,  2950,  2951,  2952,  2954,  2955,  2956,  2958,  2959,
         2960,  2961,  2962,  2963,  2965,  2967,  2968,  2969,  2973,  2975,
         2978,  2979,  2984,  2985,  2986,  2987,  2989,  2991,  2992,  2993,
         2994,  2995,  2996,  2997,  3000,  3003,  3007,  3009,  3010,  3011,
         3017,  3019,  3020,  3021,  3022,  3023,  3024,  3026,  3027,  3031,
         3032,  3033,  3035,  3036,  3038,  3043,  3044,  3046,  3047,  3048,
         3049,  3051,  3052,  3053,  3054,  3055,  3057,  3058,  3059,  3060,
         3061,  3063,  3064,  3066,  3070,  3071,  3072,  3074,  3079,  3082,
         3083,  3091,  3093,  3094,  3095,  3096,  3098,  3099,  3100,  3103,
         3107,  3108,  3109,  3110,  3111,  3113,  3114,  3115,  3116,  3119,
         3122,  3124,  3126,  3127,  3128,  3132,  3136,  3137,  3138,  3139,
         3140,  3141,  3142,  3143,  3144,  3146,  3147,  3149,  3152,  3155,
         3156,  3157,  3158,  3161,  3163,  3165,  3166,  3167,  3168,  3169,
         3170,  3172,  3173,  3174,  3176,  3179,  3180,  3181,  3182,  3183,
         3185,  3186,  3187,  3189,  3190,  3191,  3193,  3194,  3195,  3196,
         3197,  3198,  3200,  3204,  3207,  3210,  3212,  3216,  3217,  3218,
         3219,  3220,  3221,  3223,  3224,  3225,  3228,  3229,  3232,  3233,
         3234,  3235,  3238,  3240,  3243,  3244,  3246,  3247,  3248,  3249,
         3253,  3254,  3256,  3257,  3258,  3260,  3261,  3262,  3264,  3265,
         3267,  3268,  3269,  3275,  3276,  3278,  3279,  3280,  3284,  3286,
         3287,  3288,  3290,  3292,  3294,  3295,  3297,  3299,  3300,  3302,
         3305,  3308,  3310,  3312,  3313,  3315,  3320,  3321,  3322,  3325,
         3329,  3330,  3332,  3333,  3335,  3338,  3339,  3341,  3342,  3343,
         3344,  3346,  3347,  3348,  3349,  3350,  3351,  3352,  3358,  3359,
         3361,  3362,  3363,  3364,  3365,  3367,  3370,  3372,  3373,  3374,
         3375,  3376,  3378,  3379,  3381,  3384,  3385,  3388,  3389,  3390,
         3391,  3393,  3394,  3395,  3397,  3401,  3402,  3404,  3405,  3406,
         3408,  3411,  3414,  3417,  3418,  3419,  3421,  3422,  3423,  3426,
         3431,  3432,  3433,  3434,  3435,  3436,  3439,  3440,  3444,  3448,
         3449,  3452,  3456,  3463,  3465,  3467,  3470,  3472,  3473,  3474,
         3475,  3476,  3481,  3483,  3486,  3487,  3488,  3490,  3491,  3492,
         3494,  3495,  3496,  3497,  3498,  3499,  3500,  3502,  3503,  3504,
         3506,  3507,  3508,  3509,  3511,  3512,  3513,  3515,  3517,  3518,
         3519,  3521,  3522,  3523,  3526,  3532,  3534,  3536,  3539,  3543,
         3544,  3547,  3549,  3550,  3551,  3557,  3560,  3563,  3568,  3569,
         3571,  3573,  3574,  3575,  3578,  3582,  3583,  3587,  3589,  3590,
         3591,  3594,  3595,  3596,  3597,  3599,  3600,  3602,  3605,  3606,
         3607,  3611,  3615,  3616,  3617,  3619,  3625,  3626,  3627,  3628,
         3631,  3632,  3637,  3639,  3643,  3644,  3645,  3646,  3647,  3650,
         3655,  3657,  3658,  3659,  3660,  3667,  3670,  3672,  3674,  3675,
         3676,  3677,  3685,  3686,  3688,  3689,  3690,  3691,  3695,  3696,
         3697,  3698,  3699,  3700,  3701,  3703,  3704,  3705,  3706,  3707,
         3711,  3714,  3715,  3718,  3720,  3722,  3723,  3724,  3725,  3731,
         3732,  3734,  3736,  3739,  3740,  3741,  3747,  3748,  3749,  3751,
         3755,  3756,  3758,  3759,  3760,  3766,  3767,  3769,  3770,  3773,
         3774,  3775,  3777,  3778,  3780,  3784,  3785,  3786,  3787,  3789,
         3790,  3791,  3792,  3793,  3794,  3798,  3801,  3802,  3803,  3806,
         3812,  3813,  3814,  3818,  3819,  3821,  3828,  3830,  3835,  3836,
         3840,  3841,  3842,  3843,  3844,  3845,  3846,  3847,  3850,  3852,
         3855,  3856,  3862,  3863,  3866,  3867,  3870,  3872,  3873,  3877,
         3878,  3879,  3880,  3881,  3882,  3883,  3886,  3887,  3888,  3889,
         3890,  3894,  3895,  3897,  3898,  3903,  3904,  3905,  3907,  3908,
         3913,  3914,  3916,  3918,  3920,  3924,  3925,  3929,  3932,  3934,
         3935,  3937,  3938,  3941,  3944,  3945,  3947,  3949,  3950,  3951,
         3952,  3961,  3962,  3963,  3964,  3965,  3967,  3969,  3971,  3972,
         3974,  3979,  3981,  3982,  3983,  3984,  3985,  3986,  3988,  3990,
         3991,  3992,  3996,  4001,  4003,  4004,  4005,  4007,  4008,  4009,
         4013,  4014,  4016,  4018,  4019,  4020,  4022,  4024,  4027,  4028,
         4029,  4030,  4031,  4033,  4034,  4035,  4036,  4037,  4038,  4039,
         4040,  4046,  4049,  4050,  4053,  4058,  4064,  4066,  4069,  4076,
         4078,  4079,  4080,  4081,  4083,  4084,  4086,  4088,  4090,  4092,
         4093,  4096,  4097,  4098,  4099,  4101,  4102,  4108,  4112,  4113,
         4115,  4117,  4121,  4122,  4132,  4134,  4137,  4141,  4142,  4144,
         4145,  4146,  4148,  4149,  4150,  4153,  4154,  4158,  4159,  4163,
         4164,  4165,  4166,  4168,  4169,  4170,  4182,  4185,  4186,  4191,
         4194,  4195,  4196,  4197,  4198,  4199,  4200,  4201,  4205,  4206,
         4207,  4210,  4211,  4214,  4215,  4216,  4221,  4222,  4228,  4230,
         4233,  4235,  4237,  4239,  4252,  4253,  4254,  4255,  4258,  4259,
         4260,  4261,  4263,  4266,  4268,  4270,  4271,  4272,  4274,  4275,
         4276,  4277,  4278,  4279,  4280,  4281,  4282,  4284,  4285,  4286,
         4287,  4288,  4291,  4295,  4296,  4297,  4298,  4299,  4301,  4302,
         4304,  4305,  4306,  4307,  4309,  4311,  4312,  4315,  4319,  4320,
         4322,  4323,  4325,  4326,  4327,  4333,  4334,  4335,  4336,  4337,
         4338,  4342,  4348,  4350,  4351,  4354,  4355,  4359,  4364,  4369,
         4371,  4374,  4376,  4377,  4378,  4380,  4381,  4382,  4383,  4388,
         4390,  4391,  4393,  4394,  4403,  4407,  4408,  4409,  4410,  4411,
         4412,  4414,  4417,  4418,  4419,  4420,  4421,  4423,  4428,  4432,
         4433,  4434,  4436,  4438,  4441,  4442,  4443,  4444,  4445,  4446,
         4447,  4448,  4449,  4450,  4451,  4452,  4453,  4458,  4460,  4461,
         4462,  4463,  4464,  4466,  4468,  4472,  4473,  4474,  4476,  4477,
         4480,  4481,  4482,  4484,  4485,  4486,  4487,  4488,  4490,  4491,
         4492,  4496,  4497,  4499,  4500,  4502,  4503,  4510,  4511,  4512,
         4516,  4517,  4518,  4519,  4520,  4522,  4524,  4525,  4526,  4527,
         4532,  4533,  4535,  4537,  4538,  4541,  4543,  4546,  4548,  4550,
         4551,  4552,  4553,  4554,  4561,  4570,  4571,  4572,  4573,  4577,
         4580,  4582,  4584,  4587,  4588,  4589,  4590,  4591,  4592,  4593,
         4594,  4595,  4596,  4598,  4601,  4603,  4604,  4606,  4610,  4615,
         4618,  4619,  4624,  4626,  4628,  4631,  4632,  4633,  4639,  4640,
         4641,  4642,  4645,  4647,  4649,  4650,  4651,  4653,  4655,  4656,
         4660,  4662,  4664,  4666,  4667,  4669,  4671,  4677,  4679,  4682,
         4687,  4689,  4690,  4691,  4696,  4697,  4698,  4701,  4703,  4704,
         4708,  4709,  4713,  4714,  4715,  4717,  4719,  4720,  4721,  4722,
         4723,  4724,  4725,  4727,  4732,  4735,  4737,  4739,  4741,  4743,
         4744,  4745,  4751,  4753,  4754,  4759,  4761,  4762,  4765,  4768,
         4769,  4771,  4772,  4774,  4775,  4780,  4781,  4782,  4785,  4786,
         4788,  4791,  4792,  4793,  4794,  4795,  4796,  4797,  4798,  4799,
         4800,  4801,  4802,  4803,  4805,  4808,  4810,  4812,  4813,  4814,
         4815,  4819,  4822,  4823,  4825,  4828,  4829,  4832,  4835,  4836,
         4837,  4838,  4843,  4844,  4848,  4849,  4853,  4865,  4880,  4881,
         4882,  4883,  4884,  4885,  4890,  4896,  4897,  4901,  4903,  4904,
         4908,  4909,  4910,  4911,  4912,  4914,  4915,  4919,  4920,  4923,
         4926,  4927,  4930,  4933,  4934,  4939,  4941,  4944,  4947,  4948,
         4949,  4951,  4952,  4955,  4956,  4957,  4960,  4961,  4962,  4963,
         4964,  4965,  4966,  4967,  4968,  4969,  4970,  4971,  4972,  4977,
         4979,  4980,  4981,  4986,  4987,  4992,  4993,  4994,  4996,  4998,
         4999,  5004,  5005,  5006,  5008,  5010,  5012,  5013,  5014,  5016,
         5017,  5021,  5022,  5023,  5024,  5025,  5026,  5028,  5034,  5035,
         5037,  5038,  5044,  5045,  5047,  5048,  5050,  5051,  5052,  5053,
         5054,  5057,  5060,  5062,  5067,  5070,  5071,  5072,  5073,  5074,
         5075,  5082,  5087,  5089,  5090,  5091,  5092,  5095,  5099,  5101,
         5103,  5105,  5107,  5108,  5109,  5110,  5111,  5114,  5115,  5116,
         5118,  5119,  5120,  5121,  5122,  5123,  5124,  5126,  5128,  5129,
         5131,  5133,  5134,  5135,  5137,  5138,  5139,  5140,  5142,  5144,
         5145,  5148,  5153,  5154,  5155,  5156,  5157,  5158,  5159,  5162,
         5164,  5165,  5174,  5175,  5177,  5179,  5180,  5181,  5182,  5183,
         5184,  5185,  5187,  5190,  5191,  5193,  5195,  5198,  5199,  5200,
         5202,  5207,  5212,  5213,  5222,  5225,  5227,  5228,  5229,  5230,
         5231,  5232,  5233,  5234,  5236,  5238,  5239,  5241,  5243,  5248,
         5250,  5252,  5253,  5256,  5257,  5266,  5268,  5277,  5279,  5283,
         5284,  5285,  5286,  5287,  5288,  5290,  5292,  5294,  5297,  5298,
         5299,  5300,  5301,  5303,  5304,  5305,  5307,  5308,  5309,  5310,
         5313,  5316,  5317,  5318,  5325,  5326,  5327,  5329,  5330,  5333,
         5338,  5339,  5340,  5341,  5342,  5343,  5349,  5351,  5354,  5355,
         5356,  5357,  5363,  5364,  5367,  5375,  5376,  5379,  5382,  5383,
         5388,  5404,  5408,  5409,  5411,  5414,  5416,  5420,  5422,  5423,
         5425,  5426,  5427,  5430,  5431,  5432,  5435,  5436,  5437,  5438,
         5439,  5440,  5441,  5449,  5450,  5452,  5453,  5455,  5456,  5462,
         5463,  5465,  5468,  5471,  5472,  5474,  5480,  5482,  5484,  5485,
         5486,  5487,  5489,  5493,  5497,  5505,  5506,  5507,  5511,  5513,
         5514,  5515,  5518,  5519,  5521,  5523,  5524,  5528,  5530,  5532,
         5537,  5538,  5542,  5544,  5545,  5547,  5548,  5549,  5550,  5551,
         5554,  5555,  5559,  5560,  5563,  5569,  5570,  5571,  5573,  5574,
         5575,  5576,  5578,  5581,  5582,  5583,  5585,  5586,  5592,  5593,
         5594,  5596,  5597,  5599,  5600,  5602,  5611,  5612,  5613,  5617,
         5623,  5626,  5629,  5630,  5631,  5632,  5634,  5635,  5636,  5637,
         5638,  5639,  5642,  5643,  5645,  5646,  5647,  5648,  5649,  5654,
         5665,  5666,  5669,  5670,  5671,  5675,  5676,  5678,  5681,  5682,
         5683,  5684,  5686,  5687,  5688,  5690,  5691,  5700,  5702,  5706,
         5708,  5713,  5717,  5718,  5721,  5724,  5725,  5726,  5727,  5729,
         5731,  5741,  5744,  5745,  5750,  5755,  5759,  5763,  5765,  5766,
         5767,  5769,  5770,  5775,  5777,  5778,  5780,  5781,  5783,  5784,
         5786,  5791,  5794,  5795,  5800,  5801,  5809,  5810,  5816,  5819,
         5824,  5826,  5827,  5828,  5830,  5832,  5833,  5835,  5836,  5837,
         5839,  5840,  5841,  5842,  5843,  5850,  5851,  5852,  5853,  5855,
         5856,  5857,  5861,  5865,  5867,  5871,  5872,  5873,  5878,  5879,
         5885,  5888,  5889,  5893,  5908,  5909,  5910,  5911,  5913,  5931,
         5932,  5933,  5940,  5941,  5942,  5949,  5950,  5951,  5958,  5960,
         5961,  5962,  5965,  5969,  5971,  5972,  5973,  5974,  5975,  5976,
         5977,  5978,  5979,  5981,  5982,  5984,  5985,  5988,  5993,  6001,
         6003,  6005,  6006,  6010,  6011,  6013,  6018,  6023,  6024,  6025,
         6026,  6029,  6034,  6035,  6037,  6039,  6040,  6041,  6042,  6043,
         6045,  6046,  6048,  6050,  6052,  6053,  6054,  6055,  6056,  6057,
         6059,  6060,  6061,  6064,  6065,  6066,  6067,  6070,  6071,  6074,
         6077,  6079,  6080,  6081,  6082,  6083,  6084,  6089,  6092,  6093,
         6095,  6096,  6097,  6099,  6100,  6102,  6103,  6106,  6107,  6117,
         6118,  6123,  6126,  6127,  6128,  6129,  6130,  6131,  6132,  6133,
         6134,  6137,  6142,  6149,  6150,  6154,  6158,  6159,  6160,  6164,
         6166,  6167,  6168,  6169,  6170,  6171,  6174,  6175,  6176,  6181,
         6188,  6190,  6191,  6192,  6193,  6194,  6197,  6201,  6202,  6204,
         6205,  6207,  6208,  6216,  6217,  6220,  6221,  6222,  6223,  6224,
         6225,  6230,  6231,  6233,  6234,  6235,  6238,  6240,  6241,  6247,
         6248,  6250,  6251,  6252,  6253,  6254,  6256,  6257,  6258,  6259,
         6260,  6261,  6263,  6265,  6269,  6274,  6276,  6277,  6278,  6279,
         6280,  6284,  6288,  6291,  6292,  6293,  6294,  6295,  6296,  6297,
         6298,  6299,  6300,  6302,  6303,  6304,  6306,  6307,  6308,  6310,
         6312,  6313,  6318,  6319,  6321,  6325,  6327,  6333,  6336,  6337,
         6339,  6341,  6342,  6343,  6344,  6345,  6347,  6348,  6349,  6350,
         6351,  6353,  6354,  6355,  6359,  6361,  6362,  6363,  6368,  6370,
         6372,  6373,  6374,  6377,  6378,  6379,  6380,  6381,  6390,  6392,
         6395,  6396,  6404,  6406,  6408,  6409,  6410,  6412,  6413,  6414,
         6416,  6417,  6420,  6421,  6424,  6425,  6426,  6427,  6428,  6429,
         6430,  6432,  6434,  6437,  6438,  6444,  6451,  6452,  6453,  6454,
         6456,  6457,  6459,  6460,  6463,  6465,  6466,  6468,  6471,  6472,
         6473,  6474,  6476,  6480,  6481,  6482,  6485,  6486,  6490,  6493,
         6494,  6495,  6497,  6505,  6511,  6512,  6514,  6518,  6522,  6529,
         6536,  6537,  6538,  6540,  6545,  6546,  6548,  6549,  6551,  6552,
         6553,  6554,  6556,  6557,  6558,  6559,  6560,  6561,  6562,  6564,
         6568,  6570,  6573,  6574,  6575,  6577,  6578,  6579,  6580,  6581,
         6585,  6586,  6588,  6591,  6592,  6594,  6595,  6596,  6599,  6600,
         6603,  6604,  6607,  6608,  6612,  6615,  6618,  6620,  6621,  6625,
         6626,  6628,  6629,  6630,  6631,  6632,  6634,  6643,  6645,  6648,
         6649,  6651,  6654,  6658,  6659,  6661,  6662,  6664,  6665,  6666,
         6667,  6668,  6670,  6671,  6672,  6675,  6677,  6681,  6682,  6683,
         6687,  6688,  6689,  6690,  6691,  6692,  6693,  6694,  6698,  6699,
         6700,  6701,  6702,  6703,  6705,  6706,  6707,  6708,  6709,  6711,
         6712,  6713,  6720,  6724,  6726,  6730,  6733,  6734,  6735,  6737,
         6741,  6743,  6744,  6747,  6750,  6751,  6753,  6754,  6755,  6756,
         6762,  6763,  6764,  6767,  6771,  6772,  6774,  6779,  6784,  6791,
         6794,  6796,  6797,  6798,  6799,  6800,  6801,  6802,  6803,  6805,
         6809,  6811,  6813,  6814,  6821,  6823,  6825,  6826,  6827,  6828,
         6829,  6830,  6831,  6832,  6833,  6834,  6835,  6836,  6837,  6841,
         6843,  6844,  6847,  6848,  6854,  6862,  6863,  6864,  6865,  6866,
         6873,  6878,  6879,  6881,  6882,  6883,  6884,  6885,  6886,  6887,
         6888,  6889,  6890,  6891,  6892,  6894,  6899,  6901,  6904,  6905,
         6906,  6907,  6908,  6909,  6910,  6915,  6916,  6919,  6921,  6928,
         6929,  6930,  6931,  6933,  6934,  6935,  6940,  6941,  6944,  6948,
         6949,  6950,  6951,  6954,  6962,  6963,  6964,  6967,  6968,  6970,
         6972,  6973,  6974,  6975,  6978,  6981,  6983,  6984,  6991,  6992,
         6994,  6998,  7001,  7003,  7004,  7005,  7009,  7018,  7022,  7025,
         7026,  7028,  7029,  7034,  7036,  7037,  7038,  7040,  7041,  7042,
         7048,  7049,  7051,  7055,  7056,  7058,  7059,  7060,  7061,  7065,
         7066,  7068,  7070,  7071,  7074,  7078,  7080,  7081,  7083,  7085,
         7087,  7093,  7094,  7095,  7098,  7099,  7100,  7101,  7103,  7106,
         7111,  7112,  7114,  7115,  7119,  7122,  7127,  7128,  7130,  7131,
         7132,  7137,  7140,  7147,  7150,  7151,  7152,  7153,  7154,  7157,
         7158,  7159,  7162,  7163,  7166,  7170,  7173,  7175,  7177,  7178,
         7179,  7182,  7186,  7187,  7188,  7190,  7191,  7192,  7193,  7194,
         7195,  7196,  7200,  7201,  7203,  7204,  7206,  7209,  7211,  7212,
         7214,  7215,  7216,  7218,  7219,  7226,  7227,  7228,  7229,  7230,
         7231,  7232,  7233,  7234,  7235,  7238,  7239,  7245,  7250,  7251,
         7253,  7260,  7265,  7266,  7270,  7273,  7275,  7277,  7279,  7280,
         7284,  7285,  7286,  7287,  7288,  7291,  7293,  7297,  7298,  7301,
         7304,  7312,  7313,  7316,  7317,  7319,  7320,  7321,  7322,  7323,
         7324,  7327,  7329,  7334,  7339,  7340,  7341,  7342,  7343,  7345,
         7348,  7350,  7355,  7356,  7361,  7363,  7364,  7367,  7371,  7375,
         7379,  7380,  7381,  7383,  7384,  7385,  7390,  7394,  7396,  7397,
         7399,  7400,  7401,  7405,  7406,  7407,  7408,  7409,  7410,  7411,
         7412,  7413,  7415,  7416,  7417,  7418,  7419,  7420,  7421,  7422,
         7424,  7426,  7430,  7432,  7433,  7434,  7435,  7436,  7437,  7438,
         7441,  7443,  7452,  7454,  7458,  7459,  7460,  7465,  7466,  7469,
         7470,  7472,  7481,  7482,  7484,  7485,  7486,  7489,  7490,  7495,
         7501,  7503,  7505,  7508,  7510,  7511,  7512,  7514,  7516,  7518,
         7519,  7520,  7521,  7523,  7527,  7528,  7529,  7530,  7531,  7533,
         7534,  7536,  7537,  7538,  7543,  7544,  7545,  7548,  7555,  7556,
         7557,  7559,  7563,  7566,  7572,  7573,  7575,  7576,  7579,  7581,
         7584,  7585,  7586,  7589,  7590,  7592,  7593,  7594,  7600,  7604,
         7605,  7606,  7607,  7608,  7613,  7614,  7615,  7616,  7618,  7621,
         7622,  7623,  7624,  7626,  7628,  7630,  7632,  7633,  7634,  7639,
         7643,  7644,  7647,  7648,  7650,  7651,  7654,  7662,  7664,  7665,
         7666,  7668,  7669,  7670,  7672,  7673,  7682,  7686,  7687,  7688,
         7689,  7690,  7691,  7692,  7698,  7699,  7701,  7702,  7703,  7704,
         7705,  7706,  7707,  7708,  7710,  7711,  7713,  7720,  7721,  7729,
         7730,  7734,  7736,  7738,  7745,  7748,  7751,  7752,  7754,  7755,
         7756,  7759,  7764,  7767,  7771,  7774,  7776,  7778,  7779,  7780,
         7781,  7782,  7783,  7784,  7792,  7793,  7802,  7803,  7804,  7807,
         7808,  7809,  7810,  7811,  7812,  7813,  7814,  7816,  7817,  7823,
         7824,  7825,  7826,  7827,  7829,  7831,  7833,  7834,  7837,  7838,
         7839,  7840,  7842,  7843,  7844,  7846,  7847,  7848,  7849,  7850,
         7852,  7853,  7856,  7858,  7862,  7866,  7867,  7870,  7873,  7877,
         7878,  7879,  7880,  7881,  7882,  7883,  7887,  7888,  7889,  7892,
         7894,  7896,  7897,  7898,  7901,  7903,  7904,  7906,  7907,  7909,
         7912,  7913,  7915,  7917,  7919,  7920,  7921,  7923,  7926,  7929,
         7931,  7932,  7933,  7934,  7938,  7942,  7944,  7946,  7947,  7948,
         7949,  7950,  7954,  7956,  7959,  7965,  7968,  7969,  7977,  7978,
         7980,  7982,  7983,  7984,  7985,  7986,  7987,  7988,  7989,  7990,
         7992,  7993,  7996,  7997,  7998,  7999,  8000,  8001,  8002,  8003,
         8008,  8011,  8016,  8017,  8018,  8021,  8022,  8023,  8024,  8025,
         8031,  8032,  8034,  8037,  8042,  8043,  8044,  8045,  8046,  8048,
         8049,  8051,  8054,  8055,  8057,  8068,  8071,  8072,  8074,  8075,
         8076,  8077,  8078,  8079,  8080,  8082,  8084,  8086,  8088,  8089,
         8092,  8095,  8096,  8098,  8099,  8100,  8103,  8104,  8111,  8115,
         8116,  8126,  8127,  8128,  8130,  8135,  8136,  8137,  8141,  8142,
         8148,  8150,  8151,  8160,  8161,  8162,  8164,  8165,  8166,  8169,
         8170,  8172,  8173,  8174,  8175,  8176,  8177,  8178,  8179,  8182,
         8184,  8194,  8201,  8203,  8205,  8206,  8207,  8209,  8211,  8212,
         8213,  8214,  8219,  8221,  8225,  8227,  8229,  8230,  8231,  8232,
         8233,  8235,  8236,  8237,  8238,  8239,  8240,  8242,  8243,  8245,
         8251,  8252,  8253,  8255,  8256,  8257,  8258,  8263,  8265,  8266,
         8267,  8268,  8270,  8271,  8272,  8276,  8279,  8282,  8283,  8286,
         8287,  8289,  8290,  8291,  8295,  8296,  8297,  8298,  8299,  8300,
         8302,  8305,  8312,  8313,  8315,  8316,  8317,  8318,  8320,  8322,
         8323,  8324,  8326,  8327,  8329,  8330,  8332,  8333,  8334,  8335,
         8336,  8337,  8342,  8344,  8347,  8350,  8353,  8355,  8356,  8358,
         8360,  8361,  8362,  8365,  8366,  8367,  8370,  8373,  8375,  8383,
         8384,  8386,  8388,  8390,  8391,  8392,  8393,  8394,  8396,  8397,
         8398,  8400,  8402,  8407,  8408,  8409,  8412,  8413,  8415,  8417,
         8418,  8419,  8421,  8422,  8424,  8429,  8433,  8435,  8437,  8442,
         8444,  8445,  8447,  8450,  8454,  8456,  8458,  8460,  8462,  8463,
         8464,  8465,  8467,  8470,  8471,  8472,  8474,  8483,  8484,  8488,
         8489,  8490,  8491,  8492,  8497,  8498,  8500,  8501,  8503,  8505,
         8506,  8510,  8511,  8514,  8516,  8523,  8526,  8535,  8536,  8537,
         8538,  8545,  8548,  8549,  8551,  8553,  8554,  8555,  8556,  8558,
         8559,  8560,  8561,  8562,  8564,  8567,  8568,  8571,  8572,  8573,
         8577,  8582,  8583,  8584,  8586,  8590,  8592,  8593,  8595,  8598,
         8599,  8600,  8601,  8602,  8603,  8604,  8608,  8609,  8612,  8613,
         8616,  8623,  8626,  8628,  8629,  8639,  8640,  8641,  8646,  8647,
         8648,  8649,  8650,  8653,  8656,  8660,  8661,  8662,  8665,  8666,
         8667,  8668,  8669,  8670,  8671,  8672,  8673,  8677,  8678,  8679,
         8680,  8681,  8683,  8684,  8688,  8690,  8692,  8698,  8699,  8700,
         8701,  8703,  8704,  8706,  8707,  8708,  8709,  8710,  8711,  8712,
         8713,  8716,  8717,  8719,  8721,  8724,  8725,  8726,  8728,  8729,
         8730,  8731,  8739,  8740,  8746,  8747,  8748,  8751,  8754,  8756,
         8757,  8758,  8760,  8761,  8762,  8763,  8764,  8765,  8767,  8772,
         8776,  8779,  8781,  8783,  8785,  8787,  8789,  8790,  8793,  8794,
         8796,  8798,  8800,  8801,  8802,  8803,  8808,  8811,  8817,  8818,
         8819,  8821,  8822,  8823,  8824,  8825,  8826,  8827,  8828,  8835,
         8836,  8838,  8840,  8843,  8845,  8847,  8849,  8851,  8853,  8854,
         8855,  8856,  8857,  8858,  8860,  8862,  8864,  8866,  8867,  8868,
         8869,  8870,  8872,  8873,  8874,  8875,  8876,  8880,  8883,  8884,
         8886,  8891,  8892,  8893,  8894,  8896,  8897,  8898,  8901,  8903,
         8904,  8906,  8907,  8910,  8911,  8913,  8918,  8919,  8925,  8926,
         8940,  8941,  8942,  8943,  8944,  8945,  8947,  8949,  8950,  8951,
         8953,  8955,  8956,  8958,  8959,  8960,  8966,  8969,  8970,  8971,
         8976,  8978,  8981,  8985,  8987,  8988,  8990,  8991,  8997,  8999,
         9000,  9001,  9002,  9003,  9004,  9005,  9006,  9007,  9009,  9011,
         9015,  9016,  9017,  9018,  9020,  9021,  9023,  9024,  9027,  9029,
         9036,  9041,  9042,  9050,  9052,  9055,  9056,  9057,  9058,  9059,
         9064,  9065,  9066,  9068,  9069,  9081,  9082,  9083,  9084,  9086,
         9087,  9089,  9093,  9098,  9099,  9100,  9101,  9103,  9106,  9108,
         9109,  9110,  9111,  9112,  9113,  9114,  9115,  9122,  9123,  9125,
         9127,  9128,  9129,  9132,  9136,  9137,  9141,  9142,  9143,  9144,
         9146,  9151,  9161,  9162,  9165,  9168,  9169,  9174,  9177,  9178,
         9181,  9182,  9184,  9188,  9189,  9192,  9193,  9195,  9199,  9200,
         9201,  9202,  9208,  9209,  9210,  9211,  9212,  9213,  9214,  9215,
         9216,  9220,  9227,  9229,  9230,  9231,  9233,  9234,  9235,  9236,
         9237,  9238,  9239,  9240,  9242,  9243,  9245,  9246,  9249,  9255,
         9257,  9259,  9262,  9263,  9266,  9267,  9268,  9269,  9270,  9271,
         9272,  9273,  9274,  9277,  9279,  9283,  9284,  9287,  9288,  9290,
         9294,  9301,  9302,  9303,  9306,  9307,  9308,  9312,  9314,  9317,
         9318,  9319,  9325,  9328,  9331,  9332,  9333,  9335,  9346,  9347,
         9348,  9359,  9363,  9369,  9370,  9371,  9374,  9377,  9379,  9380,
         9381,  9387,  9390,  9391,  9392,  9394,  9395,  9396,  9403,  9404,
         9405,  9406,  9407,  9408,  9417,  9418,  9420,  9421,  9426,  9427,
         9428,  9430,  9433,  9434,  9435,  9438,  9439,  9447,  9449,  9450,
         9451,  9454,  9455,  9457,  9458,  9459,  9460,  9461,  9462,  9463,
         9464,  9465,  9469,  9471,  9473,  9474,  9475,  9478,  9484,  9486,
         9490,  9492,  9495,  9497,  9499,  9500,  9508,  9510,  9517,  9519,
         9526,  9527,  9528,  9532,  9535,  9542,  9543,  9544,  9545,  9546,
         9547,  9548,  9555,  9558,  9561,  9563,  9564,  9565,  9566,  9568,
         9574,  9575,  9577,  9578,  9579,  9580,  9581,  9582,  9583,  9584,
         9585,  9586,  9587,  9588,  9593,  9601,  9602,  9605,  9606,  9607,
         9618,  9623,  9632,  9638,  9641
Total non-polymorphic = 4623

LD mating model: Random

Population     1 [Indv002]  (Number of Individuals = 18)
****************
--------------------------------------------------------------------------
Lowest Allele Frequency Used     0.050       0.020       0.010         0+
--------------------------------------------------------------------------

LINKAGE DISEQUILIBRIUM METHOD

Harmonic Mean Sample Size =       15.4        15.4        15.4        15.4
Independent Comparisons =    3705714    11513802    11513802    11513802
OverAll r^2 =                 0.081849    0.078119    0.078119    0.078119
Expected r^2 Sample =         0.078934    0.072577    0.072577    0.072577
Estimated Ne^ =                   72.7       152.5       152.5       152.5

95% CIs for Ne^
* Parametric                      99.8        53.2        53.2        53.2
                                 108.4        54.5        54.5        54.5

* JackKnife on Samples            15.1        20.0        20.0        20.0
                              Infinite    Infinite    Infinite    Infinite


HETEROZYGOTE EXCESS METHOD

Harmonic Mean Sample Size =       16.4        16.4        16.4        16.4 
Independent Alleles =           2868        5018        5018        5018  
Weighted Mean D =              0.03186     0.01820     0.01820     0.01820
Estimated Neb^  =                 16.2        28.0        28.0        28.0

95% CIs for Nb:
* Parametric                      12.6        21.7        21.7        21.7
                                  22.8        39.6        39.6        39.6
**************************************************************************

Time: Tue Nov 12 10:52:29 2024

Non-polymorphic loci:     4,    11,    16,    22,    79,    87,    95,    96,
          104,   108,   114,   120,   121,   149,   165,   166,   169,   170,
          187,   188,   189,   190,   199,   201,   205,   209,   214,   222,
          224,   234,   236,   238,   239,   243,   246,   291,   292,   294,
          306,   309,   314,   323,   332,   348,   350,   357,   359,   367,
          370,   374,   375,   377,   385,   392,   405,   420,   427,   431,
          434,   440,   450,   458,   462,   476,   490,   504,   518,   524,
          534,   535,   538,   555,   556,   557,   558,   559,   560,   561,
          563,   564,   565,   566,   567,   570,   579,   580,   593,   606,
          621,   624,   626,   640,   641,   652,   653,   654,   655,   657,
          673,   674,   682,   684,   692,   708,   710,   711,   713,   732,
          744,   749,   776,   782,   783,   792,   795,   796,   814,   816,
          817,   834,   836,   837,   838,   840,   841,   859,   862,   873,
          877,   878,   884,   885,   897,   899,   901,   905,   922,   928,
          936,   941,   944,   947,   948,   950,   951,   952,   956,   966,
          971,   975,   988,   994,  1020,  1045,  1050,  1058,  1060,  1062,
         1067,  1085,  1088,  1090,  1104,  1107,  1110,  1114,  1115,  1119,
         1122,  1123,  1124,  1125,  1129,  1133,  1137,  1138,  1162,  1179,
         1182,  1188,  1204,  1208,  1211,  1218,  1231,  1236,  1241,  1254,
         1260,  1272,  1274,  1277,  1278,  1279,  1280,  1281,  1282,  1286,
         1287,  1288,  1300,  1303,  1313,  1317,  1322,  1324,  1339,  1348,
         1349,  1350,  1351,  1352,  1354,  1359,  1360,  1362,  1381,  1382,
         1388,  1391,  1410,  1416,  1425,  1426,  1427,  1430,  1433,  1434,
         1443,  1444,  1449,  1450,  1451,  1476,  1478,  1482,  1489,  1490,
         1491,  1492,  1499,  1504,  1511,  1517,  1518,  1519,  1530,  1531,
         1532,  1533,  1534,  1537,  1548,  1549,  1553,  1555,  1560,  1588,
         1596,  1597,  1605,  1615,  1616,  1633,  1637,  1643,  1647,  1648,
         1650,  1651,  1670,  1683,  1685,  1689,  1704,  1705,  1706,  1714,
         1715,  1718,  1728,  1733,  1737,  1755,  1756,  1766,  1770,  1772,
         1783,  1785,  1786,  1790,  1798,  1803,  1807,  1810,  1811,  1812,
         1813,  1814,  1826,  1834,  1842,  1843,  1857,  1858,  1867,  1881,
         1892,  1893,  1894,  1899,  1907,  1916,  1935,  1938,  1941,  1960,
         1963,  1975,  1976,  1983,  1999,  2002,  2008,  2009,  2010,  2013,
         2014,  2015,  2022,  2029,  2031,  2033,  2036,  2037,  2045,  2051,
         2053,  2054,  2060,  2062,  2064,  2066,  2108,  2115,  2118,  2119,
         2124,  2125,  2126,  2127,  2134,  2136,  2141,  2144,  2149,  2154,
         2165,  2166,  2171,  2172,  2175,  2179,  2189,  2191,  2192,  2193,
         2200,  2201,  2209,  2213,  2228,  2230,  2237,  2238,  2252,  2262,
         2268,  2269,  2270,  2275,  2279,  2281,  2286,  2289,  2292,  2308,
         2312,  2313,  2323,  2330,  2331,  2341,  2345,  2346,  2348,  2350,
         2353,  2357,  2371,  2372,  2390,  2391,  2393,  2395,  2403,  2404,
         2409,  2411,  2419,  2420,  2433,  2436,  2440,  2442,  2444,  2448,
         2451,  2452,  2461,  2462,  2469,  2471,  2484,  2490,  2501,  2514,
         2515,  2517,  2518,  2525,  2526,  2537,  2538,  2554,  2555,  2557,
         2559,  2561,  2566,  2568,  2570,  2576,  2579,  2605,  2617,  2639,
         2640,  2643,  2646,  2647,  2654,  2656,  2657,  2658,  2659,  2660,
         2671,  2678,  2684,  2688,  2689,  2691,  2694,  2710,  2711,  2720,
         2723,  2731,  2736,  2744,  2746,  2749,  2757,  2801,  2802,  2805,
         2808,  2816,  2817,  2818,  2819,  2820,  2821,  2822,  2840,  2842,
         2843,  2844,  2845,  2846,  2848,  2849,  2852,  2853,  2855,  2862,
         2863,  2877,  2887,  2891,  2896,  2898,  2900,  2901,  2902,  2912,
         2913,  2914,  2915,  2916,  2923,  2926,  2929,  2930,  2931,  2937,
         2940,  2946,  2947,  2952,  2954,  2958,  2959,  2975,  2977,  2991,
         2996,  2998,  3000,  3010,  3014,  3024,  3033,  3043,  3046,  3052,
         3063,  3066,  3074,  3080,  3082,  3085,  3091,  3093,  3095,  3107,
         3119,  3126,  3127,  3137,  3141,  3147,  3161,  3166,  3168,  3169,
         3172,  3186,  3187,  3190,  3200,  3204,  3207,  3216,  3217,  3218,
         3234,  3239,  3240,  3244,  3248,  3250,  3253,  3258,  3262,  3272,
         3274,  3278,  3280,  3285,  3286,  3287,  3288,  3290,  3292,  3293,
         3294,  3295,  3297,  3300,  3312,  3315,  3321,  3322,  3329,  3335,
         3352,  3358,  3360,  3362,  3367,  3372,  3376,  3378,  3384,  3385,
         3387,  3388,  3389,  3391,  3395,  3405,  3406,  3408,  3421,  3422,
         3432,  3435,  3439,  3440,  3441,  3461,  3462,  3463,  3465,  3484,
         3493,  3500,  3507,  3513,  3515,  3519,  3539,  3547,  3549,  3557,
         3569,  3573,  3578,  3587,  3594,  3596,  3600,  3602,  3607,  3623,
         3624,  3625,  3627,  3628,  3658,  3659,  3663,  3674,  3676,  3681,
         3688,  3690,  3692,  3695,  3696,  3697,  3705,  3707,  3721,  3722,
         3732,  3743,  3745,  3756,  3757,  3759,  3766,  3769,  3770,  3773,
         3774,  3775,  3776,  3777,  3781,  3784,  3785,  3789,  3794,  3800,
         3814,  3821,  3824,  3830,  3841,  3842,  3843,  3844,  3845,  3846,
         3848,  3852,  3853,  3854,  3872,  3880,  3881,  3883,  3920,  3932,
         3941,  3948,  3962,  3963,  3964,  3969,  3971,  3972,  3974,  3979,
         3985,  3996,  4022,  4031,  4038,  4053,  4063,  4079,  4080,  4088,
         4089,  4092,  4097,  4098,  4099,  4108,  4113,  4121,  4125,  4134,
         4141,  4142,  4163,  4182,  4186,  4187,  4188,  4191,  4205,  4206,
         4207,  4217,  4221,  4228,  4230,  4231,  4232,  4233,  4235,  4241,
         4255,  4257,  4268,  4283,  4286,  4287,  4288,  4289,  4304,  4320,
         4322,  4326,  4341,  4342,  4348,  4350,  4354,  4360,  4364,  4374,
         4377,  4390,  4391,  4403,  4428,  4433,  4446,  4458,  4460,  4462,
         4467,  4468,  4469,  4470,  4472,  4473,  4474,  4480,  4481,  4482,
         4485,  4512,  4522,  4527,  4530,  4531,  4533,  4538,  4542,  4543,
         4554,  4561,  4564,  4570,  4572,  4582,  4589,  4593,  4602,  4604,
         4610,  4615,  4619,  4631,  4640,  4653,  4655,  4671,  4678,  4687,
         4690,  4691,  4692,  4704,  4705,  4706,  4714,  4715,  4716,  4722,
         4740,  4758,  4759,  4774,  4780,  4782,  4784,  4785,  4786,  4788,
         4791,  4792,  4793,  4796,  4805,  4813,  4815,  4822,  4823,  4824,
         4825,  4836,  4837,  4838,  4843,  4846,  4848,  4853,  4865,  4868,
         4878,  4880,  4885,  4889,  4897,  4901,  4903,  4904,  4906,  4908,
         4915,  4919,  4921,  4927,  4951,  4952,  4953,  4957,  4959,  4960,
         4961,  4962,  4963,  4964,  4965,  4966,  4973,  4992,  4993,  4996,
         4997,  5003,  5004,  5020,  5022,  5030,  5031,  5045,  5051,  5058,
         5060,  5070,  5077,  5079,  5080,  5081,  5082,  5087,  5095,  5102,
         5108,  5109,  5110,  5111,  5120,  5121,  5123,  5133,  5140,  5142,
         5146,  5154,  5155,  5158,  5160,  5162,  5165,  5177,  5178,  5182,
         5193,  5199,  5201,  5203,  5204,  5205,  5206,  5207,  5223,  5225,
         5234,  5243,  5248,  5252,  5257,  5264,  5266,  5268,  5277,  5288,
         5292,  5297,  5313,  5317,  5330,  5343,  5347,  5354,  5356,  5362,
         5379,  5383,  5386,  5388,  5399,  5414,  5427,  5437,  5440,  5441,
         5451,  5452,  5463,  5475,  5476,  5478,  5480,  5482,  5484,  5514,
         5519,  5524,  5548,  5549,  5554,  5599,  5617,  5622,  5629,  5635,
         5642,  5644,  5645,  5646,  5654,  5660,  5662,  5671,  5672,  5675,
         5676,  5679,  5686,  5721,  5725,  5726,  5731,  5755,  5759,  5765,
         5769,  5770,  5777,  5783,  5786,  5791,  5800,  5801,  5810,  5819,
         5820,  5828,  5861,  5869,  5870,  5874,  5877,  5889,  5911,  5943,
         5949,  5950,  5957,  5959,  5960,  5961,  5962,  5978,  5979,  6000,
         6011,  6018,  6026,  6029,  6033,  6038,  6054,  6056,  6064,  6068,
         6074,  6079,  6080,  6081,  6083,  6096,  6100,  6115,  6127,  6128,
         6129,  6130,  6131,  6132,  6133,  6134,  6137,  6142,  6158,  6159,
         6160,  6164,  6167,  6173,  6193,  6197,  6220,  6221,  6222,  6223,
         6230,  6235,  6247,  6248,  6269,  6286,  6287,  6288,  6291,  6293,
         6295,  6296,  6297,  6298,  6306,  6309,  6312,  6313,  6325,  6341,
         6344,  6347,  6377,  6381,  6396,  6406,  6414,  6415,  6418,  6421,
         6425,  6426,  6435,  6446,  6447,  6459,  6472,  6473,  6482,  6485,
         6490,  6501,  6511,  6513,  6526,  6529,  6538,  6558,  6578,  6601,
         6618,  6620,  6625,  6626,  6643,  6644,  6645,  6651,  6654,  6658,
         6661,  6668,  6676,  6682,  6689,  6698,  6701,  6702,  6703,  6705,
         6706,  6711,  6716,  6718,  6722,  6724,  6725,  6726,  6747,  6755,
         6764,  6765,  6772,  6774,  6778,  6792,  6799,  6801,  6813,  6825,
         6826,  6827,  6828,  6834,  6835,  6836,  6843,  6847,  6848,  6854,
         6858,  6862,  6872,  6874,  6881,  6884,  6886,  6888,  6889,  6904,
         6940,  6963,  6966,  6968,  6971,  6975,  6983,  6984,  6996,  7005,
         7009,  7012,  7026,  7028,  7034,  7040,  7054,  7070,  7073,  7095,
         7098,  7103,  7112,  7129,  7130,  7131,  7133,  7135,  7136,  7137,
         7138,  7147,  7149,  7163,  7168,  7170,  7175,  7177,  7181,  7182,
         7200,  7209,  7218,  7227,  7228,  7230,  7232,  7234,  7236,  7260,
         7265,  7279,  7283,  7285,  7291,  7293,  7297,  7298,  7312,  7324,
         7327,  7333,  7343,  7345,  7347,  7357,  7358,  7367,  7373,  7380,
         7390,  7430,  7438,  7441,  7443,  7459,  7469,  7470,  7475,  7481,
         7484,  7494,  7511,  7512,  7520,  7536,  7539,  7544,  7545,  7548,
         7563,  7576,  7594,  7616,  7627,  7628,  7631,  7632,  7633,  7644,
         7646,  7665,  7671,  7685,  7699,  7705,  7707,  7729,  7731,  7732,
         7740,  7745,  7748,  7751,  7754,  7779,  7784,  7806,  7811,  7812,
         7821,  7826,  7830,  7833,  7837,  7838,  7849,  7854,  7862,  7864,
         7870,  7873,  7878,  7880,  7885,  7894,  7900,  7902,  7923,  7931,
         7937,  7944,  7946,  7947,  7968,  7978,  7988,  7993,  7996,  7997,
         7998,  7999,  8001,  8018,  8024,  8025,  8036,  8037,  8048,  8054,
         8055,  8072,  8074,  8075,  8076,  8095,  8096,  8098,  8099,  8102,
         8118,  8136,  8137,  8141,  8150,  8151,  8157,  8160,  8164,  8169,
         8170,  8175,  8189,  8198,  8203,  8213,  8214,  8230,  8231,  8233,
         8234,  8235,  8241,  8245,  8252,  8254,  8255,  8264,  8269,  8271,
         8272,  8276,  8298,  8302,  8305,  8312,  8314,  8316,  8320,  8329,
         8336,  8337,  8342,  8355,  8356,  8358,  8361,  8375,  8385,  8409,
         8419,  8437,  8454,  8458,  8462,  8464,  8465,  8467,  8471,  8476,
         8484,  8488,  8490,  8492,  8504,  8506,  8511,  8516,  8520,  8521,
         8524,  8525,  8529,  8531,  8532,  8536,  8545,  8548,  8553,  8557,
         8558,  8564,  8567,  8568,  8573,  8582,  8584,  8586,  8592,  8629,
         8630,  8641,  8644,  8650,  8656,  8660,  8678,  8686,  8690,  8692,
         8698,  8699,  8700,  8701,  8708,  8715,  8716,  8745,  8746,  8747,
         8751,  8753,  8763,  8764,  8765,  8768,  8776,  8785,  8786,  8787,
         8789,  8793,  8796,  8808,  8823,  8824,  8834,  8835,  8836,  8838,
         8849,  8851,  8852,  8853,  8859,  8861,  8867,  8870,  8872,  8874,
         8875,  8876,  8878,  8881,  8887,  8891,  8893,  8897,  8903,  8904,
         8907,  8911,  8918,  8947,  8955,  8956,  8959,  8960,  8969,  8970,
         8981,  8982,  8985,  8996,  8999,  9001,  9006,  9008,  9009,  9018,
         9023,  9025,  9048,  9050,  9064,  9082,  9083,  9084,  9086,  9089,
         9097,  9098,  9099,  9108,  9111,  9123,  9157,  9162,  9178,  9181,
         9183,  9184,  9195,  9199,  9208,  9212,  9213,  9215,  9219,  9229,
         9234,  9235,  9236,  9238,  9246,  9257,  9264,  9266,  9268,  9269,
         9287,  9290,  9294,  9311,  9317,  9325,  9326,  9335,  9348,  9370,
         9373,  9379,  9380,  9387,  9395,  9396,  9418,  9419,  9420,  9430,
         9432,  9434,  9435,  9450,  9464,  9465,  9469,  9486,  9490,  9493,
         9499,  9500,  9510,  9518,  9525,  9527,  9528,  9535,  9541,  9543,
         9544,  9561,  9563,  9568,  9577,  9580,  9585,  9587,  9590,  9606,
         9638
Total non-polymorphic = 1629


LD mating model: Random

Population     1 [Indv002]  (Number of Individuals = 18)
****************
--------------------------------------------------------------------------
Lowest Allele Frequency Used     0.050       0.020       0.010         0+
--------------------------------------------------------------------------

LINKAGE DISEQUILIBRIUM METHOD

Harmonic Mean Sample Size =       15.4        15.4        15.4        15.4
Independent Comparisons =    3705714    11513802    11513802    11513802
OverAll r^2 =                 0.081849    0.078119    0.078119    0.078119
Expected r^2 Sample =         0.078934    0.072577    0.072577    0.072577
Estimated Ne^ =                   72.7       152.5       152.5       152.5

95% CIs for Ne^
* Parametric                      99.8        53.2        53.2        53.2
                                 108.4        54.5        54.5        54.5

* JackKnife on Samples            15.1        20.0        20.0        20.0
                              Infinite    Infinite    Infinite    Infinite


HETEROZYGOTE EXCESS METHOD

Harmonic Mean Sample Size =       16.4        16.4        16.4        16.4 
Independent Alleles =           2868        5018        5018        5018  
Weighted Mean D =              0.03186     0.01820     0.01820     0.01820
Estimated Neb^  =                 16.2        28.0        28.0        28.0

95% CIs for Nb:
* Parametric                      12.6        21.7        21.7        21.7
                                  22.8        39.6        39.6        39.6
**************************************************************************

Population     2 [Indv002]  (Number of Individuals = 63)
****************
--------------------------------------------------------------------------
Lowest Allele Frequency Used     0.050       0.020       0.010         0+
--------------------------------------------------------------------------

LINKAGE DISEQUILIBRIUM METHOD

Harmonic Mean Sample Size =       56.2        57.2        57.4        57.7
Independent Comparisons =    2455358    10709143    18530578    31122490
OverAll r^2 =                 0.019107    0.023458    0.020905    0.031676
Expected r^2 Sample =         0.018460    0.017365    0.016094    0.015625
Estimated Ne^ =                  565.9        74.1        51.0        27.2

95% CIs for Ne^
* Parametric                     487.2        52.4        67.0        18.4
                                 541.1        52.7        67.3        18.5

* JackKnife on Samples           214.9        27.4        27.4        10.7
                              Infinite       147.5       797.8        32.2


HETEROZYGOTE EXCESS METHOD

Harmonic Mean Sample Size =       59.1        59.7        59.8        60.0 
Independent Alleles =           2276        4818        6261        8012  
Weighted Mean D =              0.04724     0.02371     0.01807     0.01411
Estimated Neb^  =                 11.1        21.6        28.2        35.9

95% CIs for Nb:
* Parametric                       9.5        18.2        23.5        30.0
                                  13.3        26.5        35.2        44.9
**************************************************************************

Population: Indv002/Indv002,	2 Samples,	Sample Sizes: 18/63

TEMPORAL METHODS (Pollak, Nei/Tajima, Jorde/Ryman), Plan II.
--------------------------------------------------------------------------
Lowest Allele Frequency Used     0.050       0.020       0.010         0+
==========================================================================
Samples  1[Indv002] & 2[Indv002]
Generations     0.0 & 110.0  

   Independent Alleles =        2318        4785        6919        8383
   -----------------------------------------------------------------------
  (Pollak)
   Harmonic Mean Samp Size =      25.5        25.5        25.7        25.7
                 Fk =          0.04748     0.04595     0.04280     0.03968
                 F' =          0.00862     0.00717     0.00432     0.00126
               * Ne =           6379.2      7669.8     12732.0     43534.1

     95% CIs for Ne:
     * Parametric               4976.6      6372.6     10279.1     27035.0
                                9863.2     11121.8     22026.9    Infinite
     * Jackknife on Loci        4741.0      6197.8      9927.9     23902.3
                                9321.8      9895.3     17462.6    207676.8
   -----------------------------------------------------------------------
  (Nei/Tajima)
   Harmonic Mean Samp Size =      25.5        25.5        25.7        25.7
                 Fc =          0.04615     0.04500     0.04217     0.03919
                 F' =          0.00687     0.00578     0.00326     0.00032
               * Ne =           8002.9      9514.5     16877.5    171658.9

     95% CIs for Ne:
     * Parametric               5699.8      7199.7     11703.1     35846.4
                               12712.2     13647.0     29133.3    Infinite
     * Jackknife on Loci        5745.5      7477.2     12503.7     42558.6
                               12524.8     12839.1     25429.2    Infinite
   -----------------------------------------------------------------------
  (Jorde/Ryman)
   Harmonic Mean Samp Size =      25.5        25.5        25.7        25.7
                 Fs =          0.04542     0.04567     0.04519     0.04503
                 F' =          0.00568     0.00598     0.00583     0.00570
               * Ne =           9688.3      9190.4      9437.2      9643.6

     95% CIs for Ne:
     * Parametric               9138.5      8825.8      9125.3      9353.8
                               10254.0      9562.3      9754.2      9937.7
     * Jackknife on Loci        6137.2      6377.7      6658.9      6807.3
                               22992.4     16441.0     16193.8     16532.2
==========================================================================

Ending time: Tue Nov 12 11:11:42 2024
-------------------------------------

